0 1 35
0 8 35
1 0 35
1 2 35
1 4 45
2 1 35
2 6 35
2 3 35
3 2 35
4 1 45
4 5 35
4 9 45
5 4 35
5 6 35
5 10 35
6 2 35
6 5 35 
6 7 35
6 11 35
7 6 35
8 0 35
8 9 35
8 13 35
9 4 45
9 8 35
9 10 35
9 14 45
10 5 35
10 9 35
10 11 35
10 15 35
11 6 35
11 10 35
11 12 35
12 11 35
12 17 35
13 8 35
13 14 75
13 19 35
14 9 45
14 13 75
14 15 75
14 20 45
15 10 35
15 14 75 
15 16 75
16 15 75
16 17 75
16 21 35
17 12 35
17 16 75
17 18 75
17 22 35
18 17 75
19 13 35
19 20 35
20 14 45
20 19 35
20 21 35
20 25 45
21 16 35
21 20 35
21 22 35
21 26 35
22 17 35
22 21 35
22 23 35
22 27 35
23 22 35
24 25 55
25 20 45
25 24 55
25 26 55
25 28 45
26 21 35
26 25 55
26 27 55
26 29 35
27 22 35
27 26 55
28 25 45
28 29 35
29 26 35
29 28 35